20 0 5718 5773 5777 5822 5864 5886 5891
20 1 5798 5809 5817 5823 5849 5865 5897
20 2 2971 2986 2988 3003 3014 3017 3034
20 3 2056 2077 2092 2112 2114 2135 2165
20 4 1579 1591 1595 1603 1604 1605 1610
20 5 1302 1304 1307 1311 1314 1316 1319
20 6 1091 1099 1110 1112 1114 1135 1145
20 7 973 974 979 1007 1027 1027 1105
20 8 867 870 881 883 895 913 1019
21 0 11169 11176 11180 11298 11408 11416 11576
21 1 11334 11390 11415 11430 11432 11445 11458
21 2 5753 5758 5801 5802 5812 5838 5866
21 3 3921 3933 3981 3993 4002 4056 4086
21 4 3006 3011 3012 3016 3033 3052 3058
21 5 2393 2425 2426 2449 2452 2458 2490
21 6 2059 2064 2076 2080 2081 2442 2733
21 7 1776 1781 1783 1785 1799 1802 1825
21 8 1611 1616 1619 1625 1642 1643 1771
22 0 22138 22279 22282 22376 22416 22506 22670
22 1 22216 22290 22316 22549 22575 22637 22662
22 2 11220 11359 11361 11369 11385 11387 11426
22 3 7604 7631 7633 7771 7808 7905 7914
22 4 5780 5814 5817 5863 5886 5886 6807
22 5 4704 4704 4713 4725 4727 4753 4757
22 6 3930 3944 3953 3956 3967 3972 3984
22 7 3405 3426 3431 3444 3446 3455 3687
22 8 3023 3041 3042 3048 3068 3091 3123
23 0 43995 44306 44441 44543 44718 44847 45234
23 1 44170 44209 44331 44345 44364 44702 44767
23 2 22430 22444 22460 22558 22560 22942 22983
23 3 15190 15213 15396 15516 15683 15689 15910
23 4 11325 11552 11558 11560 11579 11595 11610
23 5 9281 9289 9289 9309 9361 9418 9423
23 6 7730 7773 7775 7830 7877 7955 7956
23 7 6675 6700 6705 6706 6715 6727 6737
23 8 5961 5972 5989 6003 6016 6094 6609
24 0 88101 88457 89067 89250 89323 89917 90187
24 1 87694 87924 88072 88353 88466 88540 88894
24 2 44196 44681 44857 44887 44939 45039 45166
24 3 29859 30159 30270 30484 30486 30775 30814
24 4 22551 22670 22724 22794 23156 23262 25503
24 5 18063 18331 18477 18592 18767 19364 19453
24 6 15179 15340 15445 15498 15678 16906 18453
24 7 13180 13249 13260 13314 13327 13406 13904
24 8 11716 11770 11805 11934 11951 12059 12991
25 0 175108 175302 175680 176496 177071 178365 181651
25 1 175452 175623 175670 175926 176410 176607 178560
25 2 88185 89112 89178 89241 89432 89777 89921
25 3 60031 60145 60161 61135 61647 61659 61727
25 4 44941 45368 45618 45751 45934 46339 53115
25 5 36443 36481 36586 36588 36671 36772 36775
25 6 30270 30461 30518 30688 30720 30993 31282
25 7 26076 26368 26405 26556 26616 26721 26770
25 8 23287 23288 23350 23441 23616 23827 23965
26 0 351583 357215 357360 357711 358596 362653 363086
26 1 348706 351180 351643 351936 351987 352264 352354
26 2 176925 179100 179388 179638 181486 182045 196086
26 3 119701 119715 120342 120793 121305 122482 122774
26 4 89095 89182 90051 90113 90240 92107 98899
26 5 71888 72280 72356 72611 73266 73785 74389
26 6 61077 61097 61108 61156 61382 61396 61620
26 7 51485 52184 52282 52733 52906 53168 53238
26 8 46279 46543 46683 46851 48792 49126 51304
27 0 705776 706487 713025 713236 713634 714578 716011
27 1 696826 700121 703033 705225 709731 712779 713126
27 2 351242 354433 354523 355175 355433 355831 357476
27 3 237912 238336 238485 238900 239785 241458 241914
27 4 178166 178444 178677 178688 181724 182888 183997
27 5 144231 145245 146223 146378 146829 147605 147956
27 6 120829 120894 121618 121637 121664 121835 122048
27 7 103471 103706 104441 104913 105210 106320 113690
27 8 92259 93030 93253 94102 94126 94317 103790
n 20 1048576 "N = 1M"
n 21 2097152 "N = 2M"
n 22 4194304 "N = 4M"
n 23 8388608 "N = 8M"
n 24 16777216 "N = 16M"
n 25 33554432 "N = 32M"
n 26 67108864 "N = 64M"
n 27 134217728 "N = 128M"
