K	T	N

seq	5718	1048576
seq	11169	2097152
seq	22138	4194304
seq	43995	8388608
seq	88101	16777216
seq	175108	33554432
seq	351583	67108864
seq	705776	134217728

1	5798	1048576
1	11334	2097152
1	22216	4194304
1	44170	8388608
1	87694	16777216
1	175452	33554432
1	348706	67108864
1	696826	134217728

2	2971	1048576
2	5753	2097152
2	11220	4194304
2	22430	8388608
2	44196	16777216
2	88185	33554432
2	176925	67108864
2	351242	134217728

3	2056	1048576
3	3921	2097152
3	7604	4194304
3	15190	8388608
3	29859	16777216
3	60031	33554432
3	119701	67108864
3	237912	134217728

4	1579	1048576
4	3006	2097152
4	5780	4194304
4	11325	8388608
4	22551	16777216
4	44941	33554432
4	89095	67108864
4	178166	134217728

5	1302	1048576
5	2393	2097152
5	4704	4194304
5	9281	8388608
5	18063	16777216
5	36443	33554432
5	71888	67108864
5	144231	134217728

6	1091	1048576
6	2059	2097152
6	3930	4194304
6	7730	8388608
6	15179	16777216
6	30270	33554432
6	61077	67108864
6	120829	134217728

7	973	1048576
7	1776	2097152
7	3405	4194304
7	6675	8388608
7	13180	16777216
7	26076	33554432
7	51485	67108864
7	103471	134217728

8	867	1048576
8	1611	2097152
8	3023	4194304
8	5961	8388608
8	11716	16777216
8	23287	33554432
8	46279	67108864
8	92259	134217728

T	K	N	Sizeup	SzEff

6000	0	1102823		
6000	1	1086837	0.986	0.986
6000	2	2191902	1.988	0.994
6000	3	3280964	2.975	0.992
6000	4	4360715	3.954	0.989
6000	5	5381942	4.880	0.976
6000	6	6479096	5.875	0.979
6000	7	7522811	6.821	0.974
6000	8	8445455	7.658	0.957

10000	0	1872279		
10000	1	1844479	0.985	0.985
10000	2	3726310	1.990	0.995
10000	3	5519054	2.948	0.983
10000	4	7386362	3.945	0.986
10000	5	9075400	4.847	0.969
10000	6	10944943	5.846	0.974
10000	7	12676405	6.771	0.967
10000	8	14275939	7.625	0.953

15000	0	2829597		
15000	1	2803654	0.991	0.991
15000	2	5608619	1.982	0.991
15000	3	8283557	2.927	0.976
15000	4	11134745	3.935	0.984
15000	5	13851424	4.895	0.979
15000	6	16575637	5.858	0.976
15000	7	19144968	6.766	0.967
15000	8	21538808	7.612	0.951

30000	0	5703002		
30000	1	5681434	0.996	0.996
30000	2	11306083	1.982	0.991
30000	3	16855619	2.956	0.985
30000	4	22358881	3.921	0.980
30000	5	27673278	4.852	0.970
30000	6	33254263	5.831	0.972
30000	7	38736359	6.792	0.970
30000	8	43351357	7.601	0.950

60000	0	11432631		
60000	1	11439607	1.001	1.001
60000	2	22804794	1.995	0.997
60000	3	33537194	2.933	0.978
60000	4	44998383	3.936	0.984
60000	5	55854947	4.886	0.977
60000	6	65935815	5.767	0.961
60000	7	78100900	6.831	0.976
60000	8	87134978	7.622	0.953

100000	0	19071653		
100000	1	19129827	1.003	1.003
100000	2	38021928	1.994	0.997
100000	3	56030334	2.938	0.979
100000	4	75325030	3.950	0.987
100000	5	93186914	4.886	0.977
100000	6	110824193	5.811	0.968
100000	7	129737005	6.803	0.972
100000	8	145515895	7.630	0.954
