Actual
n	K	T	Spdup	Effic	EDSF
23	1	44170	1.000	1.000
23	2	22430	1.969	0.985	0.016
23	3	15190	2.908	0.969	0.016
23	4	11325	3.900	0.975	0.009
23	5	9281	4.759	0.952	0.013
23	6	7730	5.714	0.952	0.010
23	7	6675	6.617	0.945	0.010
23	8	5961	7.410	0.926	0.011
Model
n	K	T	Spdup	Effic	EDSF
23	1	43864	1.000	1.000
23	2	22244	1.972	0.986	0.014
23	3	15037	2.917	0.972	0.014
23	4	11434	3.836	0.959	0.014
23	5	9272	4.731	0.946	0.014
23	6	7830	5.602	0.934	0.014
23	7	6801	6.450	0.921	0.014
23	8	6029	7.276	0.909	0.014
T(n,K) = 286.3702556157946 + 4.0206527835534166E-5 (2^n) + 0.0 (2^n) K + 0.0051546938471946505 (2^n) / K
chi^2 = 1.0941942674402043E7
